2 2
3 2
4 2
5 2
6 2
7 2
9 2
10 2
11 2
12 2
13 2
14 2
16 2
17 2
18 2
19 2
23 2
24 2
27 2
28 2
30 2
31 2
32 2
33 2
34 2
35 2
37 2
38 2
40 2
41 2
42 2
43 2
44 2
45 2
47 2
48 2
49 2
50 2
51 2
52 2
2 3
3 3
4 3
5 3
6 3
7 3
9 3
10 3
11 3
12 3
13 3
14 3
16 3
17 3
19 3
20 3
23 3
24 3
27 3
28 3
30 3
31 3
32 3
33 3
34 3
35 3
37 3
38 3
40 3
41 3
42 3
43 3
44 3
45 3
47 3
48 3
49 3
50 3
51 3
52 3
2 4
3 4
9 4
10 4
13 4
14 4
16 4
17 4
20 4
21 4
23 4
24 4
27 4
28 4
30 4
31 4
34 4
35 4
37 4
38 4
40 4
41 4
47 4
48 4
51 4
52 4
2 5
3 5
4 5
5 5
6 5
7 5
9 5
10 5
11 5
12 5
13 5
14 5
16 5
17 5
20 5
21 5
23 5
24 5
25 5
26 5
27 5
28 5
30 5
31 5
32 5
33 5
34 5
35 5
37 5
38 5
40 5
41 5
43 5
44 5
45 5
47 5
48 5
49 5
50 5
51 5
52 5
2 6
3 6
4 6
5 6
6 6
7 6
9 6
10 6
11 6
12 6
13 6
14 6
16 6
17 6
20 6
21 6
23 6
24 6
25 6
26 6
27 6
28 6
30 6
31 6
32 6
33 6
37 6
38 6
40 6
41 6
45 6
47 6
48 6
49 6
50 6
51 6
52 6
2 7
3 7
9 7
10 7
13 7
14 7
16 7
17 7
19 7
20 7
21 7
23 7
24 7
27 7
28 7
30 7
31 7
33 7
34 7
37 7
38 7
40 7
41 7
42 7
43 7
44 7
45 7
47 7
48 7
51 7
52 7
2 8
3 8
9 8
10 8
13 8
14 8
16 8
17 8
18 8
19 8
23 8
24 8
27 8
28 8
30 8
31 8
34 8
35 8
37 8
38 8
40 8
41 8
42 8
43 8
44 8
45 8
47 8
48 8
51 8
52 8
2 10
4 10
5 10
6 10
8 10
9 10
10 10
12 10
14 10
15 10
16 10
18 10
20 10
21 10
22 10
24 10
26 10
2 11
6 11
8 11
12 11
14 11
18 11
20 11
24 11
26 11
2 12
4 12
5 12
6 12
8 12
9 12
10 12
12 12
14 12
15 12
16 12
18 12
20 12
21 12
22 12
24 12
25 12
26 12
2 13
6 13
10 13
12 13
14 13
16 13
18 13
22 13
26 13
2 14
4 14
5 14
6 14
8 14
9 14
10 14
12 14
14 14
15 14
16 14
18 14
20 14
21 14
22 14
26 14
2 16
3 16
4 16
5 16
6 16
7 16
9 16
13 16
17 16
21 16
25 16
27 16
28 16
29 16
30 16
31 16
33 16
34 16
35 16
39 16
40 16
41 16
42 16
46 16
47 16
48 16
2 17
9 17
10 17
12 17
13 17
16 17
18 17
21 17
22 17
25 17
31 17
33 17
36 17
39 17
43 17
45 17
2 18
3 18
4 18
5 18
6 18
7 18
9 18
11 18
13 18
15 18
19 18
21 18
23 18
25 18
27 18
28 18
29 18
30 18
31 18
33 18
34 18
35 18
36 18
39 18
43 18
45 18
47 18
48 18
7 19
9 19
13 19
15 19
16 19
17 19
18 19
19 19
21 19
24 19
25 19
31 19
33 19
37 19
39 19
43 19
45 19
49 19
2 20
3 20
4 20
5 20
6 20
7 20
9 20
13 20
15 20
19 20
21 20
25 20
27 20
28 20
29 20
30 20
31 20
33 20
34 20
35 20
36 20
37 20
39 20
40 20
41 20
42 20
46 20
47 20
48 20
2 22
3 22
4 22
5 22
6 22
7 22
9 22
10 22
13 22
14 22
16 22
17 22
18 22
19 22
20 22
21 22
23 22
24 22
25 22
26 22
27 22
28 22
30 22
31 22
32 22
33 22
34 22
35 22
38 22
39 22
40 22
41 22
2 23
3 23
4 23
5 23
6 23
7 23
9 23
10 23
13 23
14 23
16 23
17 23
18 23
19 23
20 23
21 23
23 23
24 23
25 23
26 23
27 23
28 23
30 23
31 23
32 23
33 23
34 23
35 23
37 23
38 23
42 23
4 24
5 24
9 24
10 24
13 24
14 24
16 24
17 24
20 24
21 24
23 24
24 24
27 24
28 24
30 24
31 24
37 24
38 24
42 24
4 25
5 25
9 25
10 25
11 25
12 25
13 25
14 25
16 25
17 25
18 25
19 25
20 25
21 25
23 25
24 25
25 25
26 25
27 25
28 25
30 25
31 25
32 25
33 25
34 25
35 25
37 25
38 25
42 25
4 26
5 26
9 26
10 26
11 26
12 26
13 26
14 26
16 26
17 26
18 26
19 26
20 26
21 26
23 26
24 26
25 26
26 26
30 26
31 26
37 26
38 26
40 26
42 26
4 27
5 27
9 27
10 27
13 27
14 27
16 27
17 27
20 27
21 27
23 27
24 27
26 27
27 27
30 27
31 27
32 27
33 27
34 27
35 27
37 27
38 27
41 27
4 28
5 28
9 28
10 28
16 28
17 28
20 28
21 28
23 28
24 28
27 28
28 28
30 28
31 28
32 28
33 28
34 28
35 28
38 28
39 28
40 28
42 28
2 30
4 30
5 30
6 30
8 30
9 30
10 30
12 30
14 30
15 30
16 30
18 30
20 30
21 30
22 30
24 30
25 30
26 30
28 30
30 30
2 31
6 31
8 31
12 31
14 31
18 31
20 31
22 31
24 31
26 31
28 31
30 31
2 32
4 32
5 32
6 32
8 32
9 32
10 32
12 32
14 32
15 32
16 32
18 32
20 32
22 32
24 32
26 32
28 32
29 32
30 32
2 33
6 33
10 33
12 33
14 33
16 33
18 33
20 33
22 33
24 33
26 33
30 33
2 34
4 34
5 34
6 34
8 34
9 34
10 34
12 34
14 34
15 34
16 34
18 34
20 34
21 34
22 34
24 34
25 34
26 34
30 34
2 36
3 36
4 36
5 36
6 36
7 36
9 36
13 36
17 36
21 36
25 36
27 36
28 36
29 36
30 36
31 36
33 36
34 36
35 36
39 36
40 36
41 36
42 36
46 36
47 36
48 36
2 37
9 37
10 37
12 37
13 37
16 37
18 37
21 37
22 37
25 37
27 37
33 37
36 37
39 37
43 37
45 37
2 38
3 38
4 38
5 38
6 38
7 38
9 38
11 38
13 38
15 38
19 38
21 38
23 38
25 38
27 38
28 38
29 38
30 38
31 38
33 38
34 38
35 38
36 38
39 38
43 38
45 38
47 38
48 38
7 39
9 39
13 39
15 39
16 39
17 39
18 39
19 39
21 39
24 39
25 39
31 39
33 39
37 39
39 39
43 39
45 39
49 39
2 40
3 40
4 40
5 40
6 40
7 40
9 40
13 40
15 40
19 40
21 40
25 40
27 40
28 40
29 40
30 40
31 40
33 40
34 40
35 40
36 40
37 40
39 40
40 40
41 40
42 40
46 40
47 40
48 40
2 42
3 42
6 42
7 42
9 42
10 42
11 42
12 42
13 42
14 42
16 42
17 42
18 42
19 42
20 42
21 42
23 42
24 42
27 42
28 42
30 42
31 42
32 42
33 42
34 42
35 42
2 43
3 43
6 43
7 43
9 43
10 43
11 43
12 43
13 43
14 43
16 43
17 43
18 43
19 43
20 43
21 43
23 43
24 43
27 43
28 43
30 43
31 43
32 43
33 43
34 43
35 43
2 44
3 44
6 44
7 44
9 44
10 44
13 44
14 44
16 44
17 44
23 44
24 44
27 44
28 44
30 44
31 44
34 44
35 44
2 45
3 45
4 45
5 45
6 45
7 45
9 45
10 45
11 45
12 45
13 45
14 45
16 45
17 45
18 45
19 45
20 45
21 45
23 45
24 45
25 45
26 45
27 45
28 45
30 45
31 45
32 45
33 45
34 45
35 45
2 46
3 46
4 46
5 46
6 46
7 46
9 46
10 46
11 46
12 46
13 46
14 46
21 46
23 46
24 46
25 46
26 46
27 46
28 46
30 46
31 46
32 46
33 46
34 46
35 46
4 47
5 47
9 47
10 47
13 47
14 47
16 47
17 47
18 47
19 47
20 47
21 47
25 47
26 47
30 47
31 47
34 47
35 47
4 48
5 48
9 48
10 48
13 48
14 48
16 48
17 48
18 48
19 48
20 48
21 48
25 48
26 48
30 48
31 48
34 48
35 48
2 50
4 50
5 50
6 50
8 50
9 50
10 50
12 50
14 50
15 50
16 50
18 50
19 50
20 50
22 50
23 50
24 50
26 50
2 51
6 51
8 51
12 51
14 51
18 51
20 51
22 51
24 51
26 51
2 52
4 52
5 52
6 52
8 52
9 52
10 52
12 52
14 52
15 52
16 52
18 52
20 52
22 52
23 52
24 52
26 52
2 53
6 53
10 53
12 53
14 53
16 53
18 53
20 53
24 53
26 53
2 54
4 54
5 54
6 54
8 54
9 54
10 54
12 54
14 54
15 54
16 54
18 54
19 54
20 54
22 54
23 54
24 54
26 54
2 56
3 56
4 56
5 56
6 56
7 56
9 56
13 56
17 56
21 56
25 56
27 56
28 56
31 56
32 56
33 56
38 56
39 56
40 56
43 56
44 56
45 56
46 56
2 57
9 57
10 57
12 57
13 57
16 57
18 57
21 57
22 57
25 57
28 57
31 57
34 57
37 57
43 57
47 57
2 58
3 58
4 58
5 58
6 58
7 58
9 58
11 58
13 58
15 58
19 58
21 58
23 58
25 58
28 58
31 58
32 58
33 58
34 58
37 58
39 58
40 58
41 58
43 58
44 58
45 58
46 58
7 59
9 59
13 59
15 59
16 59
17 59
18 59
19 59
21 59
24 59
25 59
28 59
31 59
35 59
37 59
41 59
43 59
45 59
2 60
3 60
4 60
5 60
6 60
7 60
9 60
13 60
15 60
19 60
21 60
25 60
27 60
28 60
29 60
31 60
32 60
33 60
34 60
35 60
38 60
39 60
40 60
43 60
46 60
2 62
3 62
6 62
7 62
9 62
10 62
13 62
14 62
16 62
17 62
23 62
24 62
27 62
28 62
2 63
3 63
6 63
7 63
9 63
10 63
13 63
14 63
16 63
17 63
23 63
24 63
27 63
28 63
2 64
3 64
6 64
7 64
9 64
10 64
13 64
14 64
16 64
17 64
23 64
24 64
27 64
28 64
2 65
3 65
4 65
5 65
6 65
7 65
9 65
10 65
13 65
14 65
16 65
17 65
23 65
24 65
25 65
26 65
27 65
28 65
2 66
3 66
4 66
5 66
6 66
7 66
9 66
10 66
13 66
14 66
16 66
17 66
23 66
24 66
25 66
26 66
27 66
28 66
4 67
5 67
9 67
10 67
11 67
12 67
13 67
14 67
16 67
17 67
18 67
19 67
20 67
21 67
25 67
26 67
4 68
5 68
9 68
10 68
11 68
12 68
13 68
14 68
16 68
17 68
18 68
19 68
20 68
21 68
25 68
26 68
2 70
4 70
5 70
6 70
8 70
9 70
10 70
12 70
14 70
15 70
16 70
18 70
19 70
20 70
22 70
23 70
24 70
26 70
2 71
6 71
8 71
12 71
14 71
18 71
20 71
24 71
26 71
2 72
4 72
5 72
6 72
8 72
9 72
10 72
12 72
14 72
15 72
16 72
18 72
20 72
22 72
23 72
24 72
26 72
2 73
6 73
10 73
12 73
14 73
16 73
18 73
20 73
24 73
26 73
2 74
4 74
5 74
6 74
8 74
9 74
10 74
12 74
14 74
15 74
16 74
18 74
19 74
20 74
22 74
23 74
24 74
26 74
2 76
3 76
4 76
5 76
6 76
7 76
9 76
13 76
17 76
21 76
24 76
26 76
27 76
28 76
30 76
31 76
32 76
33 76
34 76
36 76
39 76
41 76
42 76
43 76
44 76
45 76
2 77
9 77
10 77
12 77
13 77
16 77
18 77
21 77
23 77
28 77
32 77
36 77
38 77
43 77
2 78
3 78
4 78
5 78
6 78
7 78
9 78
11 78
13 78
15 78
19 78
21 78
22 78
26 78
27 78
28 78
32 78
36 78
37 78
43 78
7 79
9 79
13 79
15 79
16 79
17 79
18 79
19 79
21 79
23 79
26 79
30 79
32 79
36 79
38 79
43 79
2 80
3 80
4 80
5 80
6 80
7 80
9 80
13 80
15 80
19 80
21 80
24 80
26 80
27 80
28 80
31 80
32 80
36 80
39 80
43 80
2 82
3 82
6 82
7 82
9 82
10 82
11 82
12 82
13 82
14 82
16 82
17 82
20 82
21 82
23 82
24 82
25 82
26 82
27 82
28 82
2 83
3 83
6 83
7 83
9 83
10 83
11 83
12 83
13 83
14 83
16 83
17 83
20 83
21 83
23 83
24 83
25 83
26 83
27 83
28 83
2 84
3 84
6 84
7 84
9 84
10 84
13 84
14 84
16 84
17 84
19 84
20 84
23 84
24 84
27 84
28 84
2 85
3 85
4 85
5 85
6 85
7 85
9 85
10 85
13 85
14 85
16 85
17 85
18 85
19 85
23 85
24 85
27 85
28 85
2 86
3 86
4 86
5 86
6 86
7 86
9 86
10 86
13 86
14 86
16 86
17 86
18 86
19 86
20 86
23 86
24 86
27 86
28 86
4 87
5 87
9 87
10 87
11 87
12 87
13 87
14 87
16 87
17 87
19 87
20 87
23 87
24 87
25 87
26 87
27 87
28 87
4 88
5 88
9 88
10 88
11 88
12 88
13 88
14 88
16 88
17 88
20 88
21 88
23 88
24 88
25 88
26 88
27 88
28 88
2 90
4 90
5 90
6 90
8 90
9 90
10 90
12 90
14 90
15 90
16 90
18 90
19 90
20 90
22 90
23 90
24 90
26 90
27 90
28 90
2 91
6 91
8 91
12 91
14 91
18 91
20 91
22 91
28 91
2 92
4 92
5 92
6 92
8 92
9 92
10 92
12 92
14 92
15 92
16 92
18 92
20 92
22 92
23 92
24 92
26 92
27 92
28 92
2 93
6 93
10 93
12 93
14 93
16 93
18 93
20 93
24 93
26 93
2 94
4 94
5 94
6 94
8 94
9 94
10 94
12 94
14 94
15 94
16 94
18 94
19 94
20 94
22 94
23 94
24 94
26 94
27 94
28 94
2 96
3 96
4 96
5 96
6 96
7 96
9 96
13 96
17 96
21 96
24 96
26 96
27 96
28 96
30 96
31 96
32 96
36 96
37 96
38 96
39 96
43 96
44 96
45 96
2 97
9 97
10 97
12 97
13 97
16 97
18 97
21 97
23 97
28 97
30 97
33 97
36 97
40 97
42 97
2 98
3 98
4 98
5 98
6 98
7 98
9 98
11 98
13 98
15 98
19 98
21 98
22 98
26 98
27 98
28 98
30 98
31 98
32 98
33 98
36 98
40 98
42 98
44 98
45 98
46 98
7 99
9 99
13 99
15 99
16 99
17 99
18 99
19 99
21 99
23 99
26 99
30 99
34 99
36 99
40 99
42 99
46 99
2 100
3 100
4 100
5 100
6 100
7 100
9 100
13 100
15 100
19 100
21 100
24 100
26 100
27 100
28 100
30 100
31 100
32 100
33 100
34 100
36 100
37 100
38 100
39 100
43 100
44 100
45 100
2 102
3 102
4 102
5 102
6 102
7 102
9 102
10 102
11 102
12 102
13 102
14 102
16 102
17 102
20 102
21 102
23 102
24 102
25 102
26 102
27 102
28 102
2 103
3 103
4 103
5 103
6 103
7 103
9 103
10 103
11 103
12 103
13 103
14 103
16 103
17 103
20 103
21 103
23 103
24 103
27 103
28 103
2 104
3 104
6 104
7 104
12 104
13 104
16 104
17 104
19 104
20 104
23 104
24 104
27 104
28 104
2 105
3 105
6 105
7 105
11 105
12 105
16 105
17 105
18 105
19 105
23 105
24 105
27 105
28 105
2 106
3 106
4 106
5 106
6 106
7 106
10 106
11 106
16 106
17 106
18 106
19 106
23 106
24 106
25 106
26 106
27 106
28 106
2 107
3 107
4 107
5 107
6 107
7 107
9 107
10 107
11 107
12 107
13 107
14 107
16 107
17 107
19 107
20 107
23 107
24 107
25 107
26 107
27 107
28 107
2 108
3 108
6 108
7 108
9 108
10 108
11 108
12 108
13 108
14 108
16 108
17 108
20 108
21 108
23 108
24 108
27 108
28 108
2 110
4 110
5 110
6 110
8 110
9 110
10 110
12 110
14 110
15 110
16 110
18 110
19 110
20 110
22 110
24 110
25 110
26 110
2 111
6 111
8 111
12 111
14 111
18 111
20 111
22 111
26 111
2 112
4 112
5 112
6 112
8 112
9 112
10 112
12 112
14 112
15 112
16 112
18 112
20 112
22 112
24 112
25 112
26 112
2 113
6 113
10 113
12 113
14 113
16 113
18 113
20 113
22 113
26 113
2 114
4 114
5 114
6 114
8 114
9 114
10 114
12 114
14 114
15 114
16 114
18 114
19 114
20 114
22 114
24 114
25 114
26 114
2 116
3 116
4 116
5 116
6 116
7 116
9 116
13 116
17 116
21 116
25 116
27 116
28 116
29 116
30 116
31 116
33 116
34 116
35 116
36 116
37 116
39 116
40 116
41 116
44 116
48 116
2 117
9 117
10 117
12 117
13 117
16 117
18 117
21 117
22 117
25 117
27 117
33 117
39 117
42 117
45 117
47 117
2 118
3 118
4 118
5 118
6 118
7 118
9 118
11 118
13 118
15 118
19 118
21 118
23 118
25 118
27 118
28 118
29 118
30 118
31 118
33 118
34 118
35 118
36 118
37 118
39 118
40 118
41 118
42 118
46 118
7 119
9 119
13 119
15 119
16 119
17 119
18 119
19 119
21 119
24 119
25 119
31 119
37 119
39 119
43 119
46 119
2 120
3 120
4 120
5 120
6 120
7 120
9 120
13 120
15 120
19 120
21 120
25 120
27 120
28 120
29 120
30 120
31 120
33 120
34 120
35 120
36 120
37 120
39 120
40 120
41 120
42 120
43 120
46 120
2 122
3 122
4 122
5 122
6 122
7 122
9 122
10 122
12 122
13 122
16 122
17 122
19 122
20 122
21 122
22 122
23 122
26 122
27 122
28 122
29 122
30 122
31 122
2 123
3 123
4 123
5 123
6 123
7 123
9 123
10 123
12 123
13 123
14 123
16 123
17 123
19 123
20 123
21 123
22 123
23 123
24 123
26 123
27 123
28 123
29 123
30 123
31 123
2 124
3 124
6 124
7 124
9 124
10 124
12 124
13 124
15 124
16 124
17 124
19 124
20 124
24 124
26 124
27 124
30 124
31 124
2 125
3 125
4 125
5 125
6 125
7 125
9 125
10 125
12 125
13 125
16 125
17 125
19 125
20 125
24 125
26 125
27 125
30 125
31 125
2 126
3 126
4 126
5 126
9 126
10 126
12 126
13 126
16 126
17 126
19 126
20 126
24 126
26 126
27 126
28 126
29 126
30 126
31 126
2 127
3 127
5 127
6 127
9 127
10 127
12 127
13 127
16 127
17 127
19 127
20 127
21 127
22 127
23 127
24 127
26 127
27 127
28 127
29 127
30 127
31 127
2 128
3 128
6 128
7 128
9 128
10 128
12 128
13 128
16 128
17 128
19 128
20 128
21 128
22 128
23 128
26 128
27 128
30 128
31 128
2 130
4 130
5 130
6 130
8 130
9 130
10 130
12 130
14 130
15 130
16 130
18 130
20 130
21 130
22 130
24 130
2 131
6 131
8 131
12 131
14 131
18 131
20 131
24 131
2 132
4 132
5 132
6 132
8 132
9 132
10 132
12 132
14 132
15 132
16 132
18 132
20 132
21 132
22 132
24 132
2 133
6 133
10 133
12 133
14 133
16 133
18 133
22 133
24 133
2 134
4 134
5 134
6 134
8 134
9 134
10 134
12 134
14 134
15 134
16 134
18 134
20 134
21 134
22 134
24 134
2 136
3 136
4 136
5 136
6 136
7 136
9 136
13 136
17 136
21 136
25 136
27 136
28 136
29 136
30 136
31 136
33 136
35 136
36 136
37 136
38 136
39 136
41 136
44 136
46 136
47 136
48 136
49 136
50 136
2 137
9 137
10 137
12 137
13 137
16 137
18 137
21 137
22 137
25 137
27 137
31 137
33 137
37 137
41 137
43 137
48 137
2 138
3 138
4 138
5 138
6 138
7 138
9 138
11 138
13 138
15 138
19 138
21 138
23 138
25 138
27 138
28 138
29 138
30 138
31 138
33 138
37 138
41 138
42 138
48 138
7 139
9 139
13 139
15 139
16 139
17 139
18 139
19 139
21 139
24 139
25 139
27 139
31 139
33 139
35 139
37 139
41 139
43 139
48 139
2 140
3 140
4 140
5 140
6 140
7 140
9 140
13 140
15 140
19 140
21 140
25 140
27 140
28 140
29 140
30 140
31 140
33 140
36 140
37 140
41 140
44 140
48 140